#& sector superlayer component v0 deltanm tmax distbeta delta_bfield_coefficient b1 b2 b3 b4 delta_T0 c1 c2 c3
1	 1	 0	 0.003694	 0	 163.842512	 0.062692	 0.000000	 0.400000	 -2.000000	 10.000000	 -6.500000	 0	 0.688670	 0.004107	 0
2	 1	 0	 0.003694	 0	 163.842512	 0.062692	 0.000000	 0.400000	 -2.000000	 10.000000	 -6.500000	 0	 0.688670	 0.004107	 0
3	 1	 0	 0.003694	 0	 163.842512	 0.062692	 0.000000	 0.400000	 -2.000000	 10.000000	 -6.500000	 0	 0.688670	 0.004107	 0
4	 1	 0	 0.003694	 0	 163.842512	 0.062692	 0.000000	 0.400000	 -2.000000	 10.000000	 -6.500000	 0	 0.688670	 0.004107	 0
5	 1	 0	 0.003694	 0	 163.842512	 0.062692	 0.000000	 0.400000	 -2.000000	 10.000000	 -6.500000	 0	 0.688670	 0.004107	 0
6	 1	 0	 0.003694	 0	 163.842512	 0.062692	 0.000000	 0.400000	 -2.000000	 10.000000	 -6.500000	 0	 0.688670	 0.004107	 0
1	 2	 0	 0.003681	 0	 173.590765	 0.063247	 0.000000	 0.400000	 -2.000000	 10.000000	 -6.500000	 0	 0.688740	 0.004084	 0
2	 2	 0	 0.003681	 0	 173.590765	 0.063247	 0.000000	 0.400000	 -2.000000	 10.000000	 -6.500000	 0	 0.688740	 0.004084	 0
3	 2	 0	 0.003681	 0	 173.590765	 0.063247	 0.000000	 0.400000	 -2.000000	 10.000000	 -6.500000	 0	 0.688740	 0.004084	 0
4	 2	 0	 0.003681	 0	 173.590765	 0.063247	 0.000000	 0.400000	 -2.000000	 10.000000	 -6.500000	 0	 0.688740	 0.004084	 0
5	 2	 0	 0.003681	 0	 173.590765	 0.063247	 0.000000	 0.400000	 -2.000000	 10.000000	 -6.500000	 0	 0.688740	 0.004084	 0
6	 2	 0	 0.003681	 0	 173.590765	 0.063247	 0.000000	 0.400000	 -2.000000	 10.000000	 -6.500000	 0	 0.688740	 0.004084	 0
1	 3	 0	 0.004576	 0	 405.865724	 0.072953	 0.188310	 0.400000	 -2.000000	 10.000000	 -6.500000	 0	 0.760580	 0.002253	 0
2	 3	 0	 0.004576	 0	 405.865724	 0.072953	 0.188310	 0.400000	 -2.000000	 10.000000	 -6.500000	 0	 0.760580	 0.002253	 0
3	 3	 0	 0.004576	 0	 405.865724	 0.072953	 0.188310	 0.400000	 -2.000000	 10.000000	 -6.500000	 0	 0.760580	 0.002253	 0
4	 3	 0	 0.004576	 0	 405.865724	 0.072953	 0.188310	 0.400000	 -2.000000	 10.000000	 -6.500000	 0	 0.760580	 0.002253	 0
5	 3	 0	 0.004576	 0	 405.865724	 0.072953	 0.188310	 0.400000	 -2.000000	 10.000000	 -6.500000	 0	 0.760580	 0.002253	 0
6	 3	 0	 0.004576	 0	 405.865724	 0.072953	 0.188310	 0.400000	 -2.000000	 10.000000	 -6.500000	 0	 0.760580	 0.002253	 0
1	 4	 0	 0.004566	 0	 444.470546	 0.077579	 0.194030	 0.400000	 -2.000000	 10.000000	 -6.500000	 0	 0.809230	 0.002252	 0
2	 4	 0	 0.004566	 0	 444.470546	 0.077579	 0.194030	 0.400000	 -2.000000	 10.000000	 -6.500000	 0	 0.809230	 0.002252	 0
3	 4	 0	 0.004566	 0	 444.470546	 0.077579	 0.194030	 0.400000	 -2.000000	 10.000000	 -6.500000	 0	 0.809230	 0.002252	 0
4	 4	 0	 0.004566	 0	 444.470546	 0.077579	 0.194030	 0.400000	 -2.000000	 10.000000	 -6.500000	 0	 0.809230	 0.002252	 0
5	 4	 0	 0.004566	 0	 444.470546	 0.077579	 0.194030	 0.400000	 -2.000000	 10.000000	 -6.500000	 0	 0.809230	 0.002252	 0
6	 4	 0	 0.004566	 0	 444.470546	 0.077579	 0.194030	 0.400000	 -2.000000	 10.000000	 -6.500000	 0	 0.809230	 0.002252	 0
1	 5	 0	 0.003254	 0	 666.283843	 0.071867	 0.000000	 0.400000	 -2.000000	 10.000000	 -6.500000	 0	 0.651900	 0.001603	 0
2	 5	 0	 0.003254	 0	 666.283843	 0.071867	 0.000000	 0.400000	 -2.000000	 10.000000	 -6.500000	 0	 0.651900	 0.001603	 0
3	 5	 0	 0.003254	 0	 666.283843	 0.071867	 0.000000	 0.400000	 -2.000000	 10.000000	 -6.500000	 0	 0.651900	 0.001603	 0
4	 5	 0	 0.003254	 0	 666.283843	 0.071867	 0.000000	 0.400000	 -2.000000	 10.000000	 -6.500000	 0	 0.651900	 0.001603	 0
5	 5	 0	 0.003254	 0	 666.283843	 0.071867	 0.000000	 0.400000	 -2.000000	 10.000000	 -6.500000	 0	 0.651900	 0.001603	 0
6	 5	 0	 0.003254	 0	 666.283843	 0.071867	 0.000000	 0.400000	 -2.000000	 10.000000	 -6.500000	 0	 0.651900	 0.001603	 0
1	 6	 0	 0.003233	 0	 723.002939	 0.071768	 0.000000	 0.400000	 -2.000000	 10.000000	 -6.500000	 0	 0.648620	 0.001502	 0
2	 6	 0	 0.003233	 0	 723.002939	 0.071768	 0.000000	 0.400000	 -2.000000	 10.000000	 -6.500000	 0	 0.648620	 0.001502	 0
3	 6	 0	 0.003233	 0	 723.002939	 0.071768	 0.000000	 0.400000	 -2.000000	 10.000000	 -6.500000	 0	 0.648620	 0.001502	 0
4	 6	 0	 0.003233	 0	 723.002939	 0.071768	 0.000000	 0.400000	 -2.000000	 10.000000	 -6.500000	 0	 0.648620	 0.001502	 0
5	 6	 0	 0.003233	 0	 723.002939	 0.071768	 0.000000	 0.400000	 -2.000000	 10.000000	 -6.500000	 0	 0.648620	 0.001502	 0
6	 6	 0	 0.003233	 0	 723.002939	 0.071768	 0.000000	 0.400000	 -2.000000	 10.000000	 -6.500000	 0	 0.648620	 0.001502	 0
