#& sector superlayer component v0 deltanm tmax distbeta delta_bfield_coefficient b1 b2 b3 b4 delta_T0 c1 c2 c3
1	 1	 0	 0.003811	 0	 167.584499	 0.071774	 0.000000	 0.400000	 -2.000000	 10.000000	 -6.500000	 0	 0.688670	 0.004214	 0
2	 1	 0	 0.003811	 0	 167.584499	 0.071774	 0.000000	 0.400000	 -2.000000	 10.000000	 -6.500000	 0	 0.688670	 0.004214	 0
3	 1	 0	 0.003811	 0	 167.584499	 0.071774	 0.000000	 0.400000	 -2.000000	 10.000000	 -6.500000	 0	 0.688670	 0.004214	 0
4	 1	 0	 0.003811	 0	 167.584499	 0.071774	 0.000000	 0.400000	 -2.000000	 10.000000	 -6.500000	 0	 0.688670	 0.004214	 0
5	 1	 0	 0.003811	 0	 167.584499	 0.071774	 0.000000	 0.400000	 -2.000000	 10.000000	 -6.500000	 0	 0.688670	 0.004214	 0
6	 1	 0	 0.003811	 0	 167.584499	 0.071774	 0.000000	 0.400000	 -2.000000	 10.000000	 -6.500000	 0	 0.688670	 0.004214	 0
1	 2	 0	 0.003723	 0	 177.125453	 0.073492	 0.000000	 0.400000	 -2.000000	 10.000000	 -6.500000	 0	 0.688740	 0.004137	 0
2	 2	 0	 0.003723	 0	 177.125453	 0.073492	 0.000000	 0.400000	 -2.000000	 10.000000	 -6.500000	 0	 0.688740	 0.004137	 0
3	 2	 0	 0.003723	 0	 177.125453	 0.073492	 0.000000	 0.400000	 -2.000000	 10.000000	 -6.500000	 0	 0.688740	 0.004137	 0
4	 2	 0	 0.003723	 0	 177.125453	 0.073492	 0.000000	 0.400000	 -2.000000	 10.000000	 -6.500000	 0	 0.688740	 0.004137	 0
5	 2	 0	 0.003723	 0	 177.125453	 0.073492	 0.000000	 0.400000	 -2.000000	 10.000000	 -6.500000	 0	 0.688740	 0.004137	 0
6	 2	 0	 0.003723	 0	 177.125453	 0.073492	 0.000000	 0.400000	 -2.000000	 10.000000	 -6.500000	 0	 0.688740	 0.004137	 0
1	 3	 0	 0.003440	 0	 334.079000	 0.074470	 0.211400	 0.400000	 -2.000000	 10.000000	 -6.684126	 0	 0.627380	 0.002530	 0
2	 3	 0	 0.003440	 0	 334.079000	 0.074470	 0.211400	 0.400000	 -2.000000	 10.000000	 -6.684126	 0	 0.627380	 0.002530	 0
3	 3	 0	 0.003440	 0	 334.079000	 0.074470	 0.211400	 0.400000	 -2.000000	 10.000000	 -6.684126	 0	 0.627380	 0.002530	 0
4	 3	 0	 0.003440	 0	 334.079000	 0.074470	 0.211400	 0.400000	 -2.000000	 10.000000	 -6.684126	 0	 0.627380	 0.002530	 0
5	 3	 0	 0.003440	 0	 334.079000	 0.074470	 0.211400	 0.400000	 -2.000000	 10.000000	 -6.684126	 0	 0.627380	 0.002530	 0
6	 3	 0	 0.003440	 0	 334.079000	 0.074470	 0.211400	 0.400000	 -2.000000	 10.000000	 -6.684126	 0	 0.627380	 0.002530	 0
1	 4	 0	 0.003310	 0	 343.745000	 0.077780	 0.245500	 0.400000	 -2.000000	 10.000000	 -6.702528	 0	 0.605440	 0.002330	 0
2	 4	 0	 0.003310	 0	 343.745000	 0.077780	 0.245500	 0.400000	 -2.000000	 10.000000	 -6.702528	 0	 0.605440	 0.002330	 0
3	 4	 0	 0.003310	 0	 343.745000	 0.077780	 0.245500	 0.400000	 -2.000000	 10.000000	 -6.702528	 0	 0.605440	 0.002330	 0
4	 4	 0	 0.003310	 0	 343.745000	 0.077780	 0.245500	 0.400000	 -2.000000	 10.000000	 -6.702528	 0	 0.605440	 0.002330	 0
5	 4	 0	 0.003310	 0	 343.745000	 0.077780	 0.245500	 0.400000	 -2.000000	 10.000000	 -6.702528	 0	 0.605440	 0.002330	 0
6	 4	 0	 0.003310	 0	 343.745000	 0.077780	 0.245500	 0.400000	 -2.000000	 10.000000	 -6.702528	 0	 0.605440	 0.002330	 0
1	 5	 0	 0.003335	 0	 706.325644	 0.081276	 0.000000	 0.400000	 -2.000000	 10.000000	 -6.500000	 0	 0.682900	 0.001650	 0
2	 5	 0	 0.003335	 0	 706.325644	 0.081276	 0.000000	 0.400000	 -2.000000	 10.000000	 -6.500000	 0	 0.682900	 0.001650	 0
3	 5	 0	 0.003335	 0	 706.325644	 0.081276	 0.000000	 0.400000	 -2.000000	 10.000000	 -6.500000	 0	 0.682900	 0.001650	 0
4	 5	 0	 0.003335	 0	 706.325644	 0.081276	 0.000000	 0.400000	 -2.000000	 10.000000	 -6.500000	 0	 0.682900	 0.001650	 0
5	 5	 0	 0.003335	 0	 706.325644	 0.081276	 0.000000	 0.400000	 -2.000000	 10.000000	 -6.500000	 0	 0.682900	 0.001650	 0
6	 5	 0	 0.003335	 0	 706.325644	 0.081276	 0.000000	 0.400000	 -2.000000	 10.000000	 -6.500000	 0	 0.682900	 0.001650	 0
1	 6	 0	 0.003355	 0	 772.290259	 0.084057	 0.000000	 0.400000	 -2.000000	 10.000000	 -6.500000	 0	 0.679420	 0.001550	 0
2	 6	 0	 0.003355	 0	 772.290259	 0.084057	 0.000000	 0.400000	 -2.000000	 10.000000	 -6.500000	 0	 0.679420	 0.001550	 0
3	 6	 0	 0.003355	 0	 772.290259	 0.084057	 0.000000	 0.400000	 -2.000000	 10.000000	 -6.500000	 0	 0.679420	 0.001550	 0
4	 6	 0	 0.003355	 0	 772.290259	 0.084057	 0.000000	 0.400000	 -2.000000	 10.000000	 -6.500000	 0	 0.679420	 0.001550	 0
5	 6	 0	 0.003355	 0	 772.290259	 0.084057	 0.000000	 0.400000	 -2.000000	 10.000000	 -6.500000	 0	 0.679420	 0.001550	 0
6	 6	 0	 0.003355	 0	 772.290259	 0.084057	 0.000000	 0.400000	 -2.000000	 10.000000	 -6.500000	 0	 0.679420	 0.001550	 0
