#& sector superlayer component v0 deltanm tmax distbeta delta_bfield_coefficient b1 b2 b3 b4 delta_T0 c1 c2 c3
1	 1	 0	 0.003811	 0	 167.584499	 0.071774	 0.000000	 0.400000	 -2.000000	 10.000000	 -6.500000	 0	 0.688670	 0.004214	 0
2	 1	 0	 0.003811	 0	 167.584499	 0.071774	 0.000000	 0.400000	 -2.000000	 10.000000	 -6.500000	 0	 0.688670	 0.004214	 0
3	 1	 0	 0.003811	 0	 167.584499	 0.071774	 0.000000	 0.400000	 -2.000000	 10.000000	 -6.500000	 0	 0.688670	 0.004214	 0
4	 1	 0	 0.003811	 0	 167.584499	 0.071774	 0.000000	 0.400000	 -2.000000	 10.000000	 -6.500000	 0	 0.688670	 0.004214	 0
5	 1	 0	 0.003811	 0	 167.584499	 0.071774	 0.000000	 0.400000	 -2.000000	 10.000000	 -6.500000	 0	 0.688670	 0.004214	 0
6	 1	 0	 0.003811	 0	 167.584499	 0.071774	 0.000000	 0.400000	 -2.000000	 10.000000	 -6.500000	 0	 0.688670	 0.004214	 0
1	 2	 0	 0.003723	 0	 177.125453	 0.073492	 0.000000	 0.400000	 -2.000000	 10.000000	 -6.500000	 0	 0.688740	 0.004137	 0
2	 2	 0	 0.003723	 0	 177.125453	 0.073492	 0.000000	 0.400000	 -2.000000	 10.000000	 -6.500000	 0	 0.688740	 0.004137	 0
3	 2	 0	 0.003723	 0	 177.125453	 0.073492	 0.000000	 0.400000	 -2.000000	 10.000000	 -6.500000	 0	 0.688740	 0.004137	 0
4	 2	 0	 0.003723	 0	 177.125453	 0.073492	 0.000000	 0.400000	 -2.000000	 10.000000	 -6.500000	 0	 0.688740	 0.004137	 0
5	 2	 0	 0.003723	 0	 177.125453	 0.073492	 0.000000	 0.400000	 -2.000000	 10.000000	 -6.500000	 0	 0.688740	 0.004137	 0
6	 2	 0	 0.003723	 0	 177.125453	 0.073492	 0.000000	 0.400000	 -2.000000	 10.000000	 -6.500000	 0	 0.688740	 0.004137	 0
1	 3	 0	 0.004386	 0	 287.278649	 0.079311	 0.277254	 0.400000	 -2.000000	 10.000000	 -6.500000	 0	 0.579651	 0.003373	 0
2	 3	 0	 0.004386	 0	 287.278649	 0.079311	 0.277254	 0.400000	 -2.000000	 10.000000	 -6.500000	 0	 0.579651	 0.003373	 0
3	 3	 0	 0.004386	 0	 287.278649	 0.079311	 0.277254	 0.400000	 -2.000000	 10.000000	 -6.500000	 0	 0.579651	 0.003373	 0
4	 3	 0	 0.004386	 0	 287.278649	 0.079311	 0.277254	 0.400000	 -2.000000	 10.000000	 -6.500000	 0	 0.579651	 0.003373	 0
5	 3	 0	 0.004386	 0	 287.278649	 0.079311	 0.277254	 0.400000	 -2.000000	 10.000000	 -6.500000	 0	 0.579651	 0.003373	 0
6	 3	 0	 0.004386	 0	 287.278649	 0.079311	 0.277254	 0.400000	 -2.000000	 10.000000	 -6.500000	 0	 0.579651	 0.003373	 0
1	 4	 0	 0.004484	 0	 323.991635	 0.082000	 0.298001	 0.400000	 -2.000000	 10.000000	 -6.500000	 0	 0.596292	 0.003049	 0
2	 4	 0	 0.004484	 0	 323.991635	 0.082000	 0.298001	 0.400000	 -2.000000	 10.000000	 -6.500000	 0	 0.596292	 0.003049	 0
3	 4	 0	 0.004484	 0	 323.991635	 0.082000	 0.298001	 0.400000	 -2.000000	 10.000000	 -6.500000	 0	 0.596292	 0.003049	 0
4	 4	 0	 0.004484	 0	 323.991635	 0.082000	 0.298001	 0.400000	 -2.000000	 10.000000	 -6.500000	 0	 0.596292	 0.003049	 0
5	 4	 0	 0.004484	 0	 323.991635	 0.082000	 0.298001	 0.400000	 -2.000000	 10.000000	 -6.500000	 0	 0.596292	 0.003049	 0
6	 4	 0	 0.004484	 0	 323.991635	 0.082000	 0.298001	 0.400000	 -2.000000	 10.000000	 -6.500000	 0	 0.596292	 0.003049	 0
1	 5	 0	 0.003224	 0	 683.796484	 0.078080	 0.000000	 0.400000	 -2.000000	 10.000000	 -6.500000	 0	 0.668131	 0.001640	 0
2	 5	 0	 0.003224	 0	 683.796484	 0.078080	 0.000000	 0.400000	 -2.000000	 10.000000	 -6.500000	 0	 0.668131	 0.001640	 0
3	 5	 0	 0.003224	 0	 683.796484	 0.078080	 0.000000	 0.400000	 -2.000000	 10.000000	 -6.500000	 0	 0.668131	 0.001640	 0
4	 5	 0	 0.003224	 0	 683.796484	 0.078080	 0.000000	 0.400000	 -2.000000	 10.000000	 -6.500000	 0	 0.668131	 0.001640	 0
5	 5	 0	 0.003224	 0	 683.796484	 0.078080	 0.000000	 0.400000	 -2.000000	 10.000000	 -6.500000	 0	 0.668131	 0.001640	 0
6	 5	 0	 0.003224	 0	 683.796484	 0.078080	 0.000000	 0.400000	 -2.000000	 10.000000	 -6.500000	 0	 0.668131	 0.001640	 0
1	 6	 0	 0.003231	 0	 746.497613	 0.080416	 0.000000	 0.400000	 -2.000000	 10.000000	 -6.500000	 0	 0.664628	 0.001538	 0
2	 6	 0	 0.003231	 0	 746.497613	 0.080416	 0.000000	 0.400000	 -2.000000	 10.000000	 -6.500000	 0	 0.664628	 0.001538	 0
3	 6	 0	 0.003231	 0	 746.497613	 0.080416	 0.000000	 0.400000	 -2.000000	 10.000000	 -6.500000	 0	 0.664628	 0.001538	 0
4	 6	 0	 0.003231	 0	 746.497613	 0.080416	 0.000000	 0.400000	 -2.000000	 10.000000	 -6.500000	 0	 0.664628	 0.001538	 0
5	 6	 0	 0.003231	 0	 746.497613	 0.080416	 0.000000	 0.400000	 -2.000000	 10.000000	 -6.500000	 0	 0.664628	 0.001538	 0
6	 6	 0	 0.003231	 0	 746.497613	 0.080416	 0.000000	 0.400000	 -2.000000	 10.000000	 -6.500000	 0	 0.664628	 0.001538	 0
