#& sector superlayer component v0 deltanm tmax distbeta delta_bfield_coefficient b1 b2 b3 b4 delta_T0 c1 c2 c3
1	 1	 0	 0.003979	 0	 169.747502	 0.064152	 0.000000	 0.400000	 -2.000000	 10.000000	 -6.500000	 0	 0.688670	 0.004300	 0
2	 1	 0	 0.003979	 0	 169.747502	 0.064152	 0.000000	 0.400000	 -2.000000	 10.000000	 -6.500000	 0	 0.688670	 0.004300	 0
3	 1	 0	 0.003979	 0	 169.747502	 0.064152	 0.000000	 0.400000	 -2.000000	 10.000000	 -6.500000	 0	 0.688670	 0.004300	 0
4	 1	 0	 0.003979	 0	 169.747502	 0.064152	 0.000000	 0.400000	 -2.000000	 10.000000	 -6.500000	 0	 0.688670	 0.004300	 0
5	 1	 0	 0.003979	 0	 169.747502	 0.064152	 0.000000	 0.400000	 -2.000000	 10.000000	 -6.500000	 0	 0.688670	 0.004300	 0
6	 1	 0	 0.003979	 0	 169.747502	 0.064152	 0.000000	 0.400000	 -2.000000	 10.000000	 -6.500000	 0	 0.688670	 0.004300	 0
1	 2	 0	 0.003658	 0	 176.952530	 0.072839	 0.000000	 0.400000	 -2.000000	 10.000000	 -6.500000	 0	 0.688740	 0.004117	 0
2	 2	 0	 0.003658	 0	 176.952530	 0.072839	 0.000000	 0.400000	 -2.000000	 10.000000	 -6.500000	 0	 0.688740	 0.004117	 0
3	 2	 0	 0.003658	 0	 176.952530	 0.072839	 0.000000	 0.400000	 -2.000000	 10.000000	 -6.500000	 0	 0.688740	 0.004117	 0
4	 2	 0	 0.003658	 0	 176.952530	 0.072839	 0.000000	 0.400000	 -2.000000	 10.000000	 -6.500000	 0	 0.688740	 0.004117	 0
5	 2	 0	 0.003658	 0	 176.952530	 0.072839	 0.000000	 0.400000	 -2.000000	 10.000000	 -6.500000	 0	 0.688740	 0.004117	 0
6	 2	 0	 0.003658	 0	 176.952530	 0.072839	 0.000000	 0.400000	 -2.000000	 10.000000	 -6.500000	 0	 0.688740	 0.004117	 0
1	 3	 0	 0.004964	 0	 338.192856	 0.086983	 0.211400	 0.400000	 -2.000000	 10.000000	 -6.500000	 0	 0.627380	 0.003087	 0
2	 3	 0	 0.004964	 0	 338.192856	 0.086983	 0.211400	 0.400000	 -2.000000	 10.000000	 -6.500000	 0	 0.627380	 0.003087	 0
3	 3	 0	 0.004964	 0	 338.192856	 0.086983	 0.211400	 0.400000	 -2.000000	 10.000000	 -6.500000	 0	 0.627380	 0.003087	 0
4	 3	 0	 0.004964	 0	 338.192856	 0.086983	 0.211400	 0.400000	 -2.000000	 10.000000	 -6.500000	 0	 0.627380	 0.003087	 0
5	 3	 0	 0.004964	 0	 338.192856	 0.086983	 0.211400	 0.400000	 -2.000000	 10.000000	 -6.500000	 0	 0.627380	 0.003087	 0
6	 3	 0	 0.004964	 0	 338.192856	 0.086983	 0.211400	 0.400000	 -2.000000	 10.000000	 -6.500000	 0	 0.627380	 0.003087	 0
1	 4	 0	 0.005276	 0	 361.908032	 0.091177	 0.245500	 0.400000	 -2.000000	 10.000000	 -6.500000	 0	 0.605440	 0.002946	 0
2	 4	 0	 0.005276	 0	 361.908032	 0.091177	 0.245500	 0.400000	 -2.000000	 10.000000	 -6.500000	 0	 0.605440	 0.002946	 0
3	 4	 0	 0.005276	 0	 361.908032	 0.091177	 0.245500	 0.400000	 -2.000000	 10.000000	 -6.500000	 0	 0.605440	 0.002946	 0
4	 4	 0	 0.005276	 0	 361.908032	 0.091177	 0.245500	 0.400000	 -2.000000	 10.000000	 -6.500000	 0	 0.605440	 0.002946	 0
5	 4	 0	 0.005276	 0	 361.908032	 0.091177	 0.245500	 0.400000	 -2.000000	 10.000000	 -6.500000	 0	 0.605440	 0.002946	 0
6	 4	 0	 0.005276	 0	 361.908032	 0.091177	 0.245500	 0.400000	 -2.000000	 10.000000	 -6.500000	 0	 0.605440	 0.002946	 0
1	 5	 0	 0.003337	 0	 706.372967	 0.081445	 0.000000	 0.400000	 -2.000000	 10.000000	 -6.500000	 0	 0.682900	 0.001650	 0
2	 5	 0	 0.003337	 0	 706.372967	 0.081445	 0.000000	 0.400000	 -2.000000	 10.000000	 -6.500000	 0	 0.682900	 0.001650	 0
3	 5	 0	 0.003337	 0	 706.372967	 0.081445	 0.000000	 0.400000	 -2.000000	 10.000000	 -6.500000	 0	 0.682900	 0.001650	 0
4	 5	 0	 0.003337	 0	 706.372967	 0.081445	 0.000000	 0.400000	 -2.000000	 10.000000	 -6.500000	 0	 0.682900	 0.001650	 0
5	 5	 0	 0.003337	 0	 706.372967	 0.081445	 0.000000	 0.400000	 -2.000000	 10.000000	 -6.500000	 0	 0.682900	 0.001650	 0
6	 5	 0	 0.003337	 0	 706.372967	 0.081445	 0.000000	 0.400000	 -2.000000	 10.000000	 -6.500000	 0	 0.682900	 0.001650	 0
1	 6	 0	 0.003356	 0	 772.266189	 0.084353	 0.000000	 0.400000	 -2.000000	 10.000000	 -6.500000	 0	 0.679420	 0.001550	 0
2	 6	 0	 0.003356	 0	 772.266189	 0.084353	 0.000000	 0.400000	 -2.000000	 10.000000	 -6.500000	 0	 0.679420	 0.001550	 0
3	 6	 0	 0.003356	 0	 772.266189	 0.084353	 0.000000	 0.400000	 -2.000000	 10.000000	 -6.500000	 0	 0.679420	 0.001550	 0
4	 6	 0	 0.003356	 0	 772.266189	 0.084353	 0.000000	 0.400000	 -2.000000	 10.000000	 -6.500000	 0	 0.679420	 0.001550	 0
5	 6	 0	 0.003356	 0	 772.266189	 0.084353	 0.000000	 0.400000	 -2.000000	 10.000000	 -6.500000	 0	 0.679420	 0.001550	 0
6	 6	 0	 0.003356	 0	 772.266189	 0.084353	 0.000000	 0.400000	 -2.000000	 10.000000	 -6.500000	 0	 0.679420	 0.001550	 0
