#& sector superlayer component v0 deltanm tmax distbeta delta_bfield_coefficient b1 b2 b3 b4 delta_T0 c1 c2 c3
1	 1	 0	 0.002990	 0	 166.893000	 0.068190	 0.000000	 0.400000	 -2.000000	 10.000000	 -6.500000	 0	 0.688670	 0.003850	 0
2	 1	 0	 0.002990	 0	 166.893000	 0.068190	 0.000000	 0.400000	 -2.000000	 10.000000	 -6.500000	 0	 0.688670	 0.003850	 0
3	 1	 0	 0.002990	 0	 166.893000	 0.068190	 0.000000	 0.400000	 -2.000000	 10.000000	 -6.500000	 0	 0.688670	 0.003850	 0
4	 1	 0	 0.002990	 0	 166.893000	 0.068190	 0.000000	 0.400000	 -2.000000	 10.000000	 -6.500000	 0	 0.688670	 0.003850	 0
5	 1	 0	 0.002990	 0	 166.893000	 0.068190	 0.000000	 0.400000	 -2.000000	 10.000000	 -6.500000	 0	 0.688670	 0.003850	 0
6	 1	 0	 0.002990	 0	 166.893000	 0.068190	 0.000000	 0.400000	 -2.000000	 10.000000	 -6.500000	 0	 0.688670	 0.003850	 0
1	 2	 0	 0.002920	 0	 176.843000	 0.068190	 0.000000	 0.400000	 -2.000000	 10.000000	 -6.500000	 0	 0.688740	 0.003780	 0
2	 2	 0	 0.002920	 0	 176.843000	 0.068190	 0.000000	 0.400000	 -2.000000	 10.000000	 -6.500000	 0	 0.688740	 0.003780	 0
3	 2	 0	 0.002920	 0	 176.843000	 0.068190	 0.000000	 0.400000	 -2.000000	 10.000000	 -6.500000	 0	 0.688740	 0.003780	 0
4	 2	 0	 0.002920	 0	 176.843000	 0.068190	 0.000000	 0.400000	 -2.000000	 10.000000	 -6.500000	 0	 0.688740	 0.003780	 0
5	 2	 0	 0.002920	 0	 176.843000	 0.068190	 0.000000	 0.400000	 -2.000000	 10.000000	 -6.500000	 0	 0.688740	 0.003780	 0
6	 2	 0	 0.002920	 0	 176.843000	 0.068190	 0.000000	 0.400000	 -2.000000	 10.000000	 -6.500000	 0	 0.688740	 0.003780	 0
1	 3	 0	 0.003440	 0	 334.079000	 0.074470	 0.211400	 0.400000	 -2.000000	 10.000000	 -6.500000	 0	 0.627380	 0.002530	 0
2	 3	 0	 0.003440	 0	 334.079000	 0.074470	 0.211400	 0.400000	 -2.000000	 10.000000	 -6.500000	 0	 0.627380	 0.002530	 0
3	 3	 0	 0.003440	 0	 334.079000	 0.074470	 0.211400	 0.400000	 -2.000000	 10.000000	 -6.500000	 0	 0.627380	 0.002530	 0
4	 3	 0	 0.003440	 0	 334.079000	 0.074470	 0.211400	 0.400000	 -2.000000	 10.000000	 -6.500000	 0	 0.627380	 0.002530	 0
5	 3	 0	 0.003440	 0	 334.079000	 0.074470	 0.211400	 0.400000	 -2.000000	 10.000000	 -6.500000	 0	 0.627380	 0.002530	 0
6	 3	 0	 0.003440	 0	 334.079000	 0.074470	 0.211400	 0.400000	 -2.000000	 10.000000	 -6.500000	 0	 0.627380	 0.002530	 0
1	 4	 0	 0.003310	 0	 343.745000	 0.077780	 0.245500	 0.400000	 -2.000000	 10.000000	 -6.500000	 0	 0.605440	 0.002330	 0
2	 4	 0	 0.003310	 0	 343.745000	 0.077780	 0.245500	 0.400000	 -2.000000	 10.000000	 -6.500000	 0	 0.605440	 0.002330	 0
3	 4	 0	 0.003310	 0	 343.745000	 0.077780	 0.245500	 0.400000	 -2.000000	 10.000000	 -6.500000	 0	 0.605440	 0.002330	 0
4	 4	 0	 0.003310	 0	 343.745000	 0.077780	 0.245500	 0.400000	 -2.000000	 10.000000	 -6.500000	 0	 0.605440	 0.002330	 0
5	 4	 0	 0.003310	 0	 343.745000	 0.077780	 0.245500	 0.400000	 -2.000000	 10.000000	 -6.500000	 0	 0.605440	 0.002330	 0
6	 4	 0	 0.003310	 0	 343.745000	 0.077780	 0.245500	 0.400000	 -2.000000	 10.000000	 -6.500000	 0	 0.605440	 0.002330	 0
1	 5	 0	 0.003310	 0	 695.711000	 0.089680	 0.000000	 0.400000	 -2.000000	 10.000000	 -6.500000	 0	 0.682900	 0.001690	 0
2	 5	 0	 0.003310	 0	 695.711000	 0.089680	 0.000000	 0.400000	 -2.000000	 10.000000	 -6.500000	 0	 0.682900	 0.001690	 0
3	 5	 0	 0.003310	 0	 695.711000	 0.089680	 0.000000	 0.400000	 -2.000000	 10.000000	 -6.500000	 0	 0.682900	 0.001690	 0
4	 5	 0	 0.003310	 0	 695.711000	 0.089680	 0.000000	 0.400000	 -2.000000	 10.000000	 -6.500000	 0	 0.682900	 0.001690	 0
5	 5	 0	 0.003310	 0	 695.711000	 0.089680	 0.000000	 0.400000	 -2.000000	 10.000000	 -6.500000	 0	 0.682900	 0.001690	 0
6	 5	 0	 0.003310	 0	 695.711000	 0.089680	 0.000000	 0.400000	 -2.000000	 10.000000	 -6.500000	 0	 0.682900	 0.001690	 0
1	 6	 0	 0.003330	 0	 758.986000	 0.094460	 0.000000	 0.400000	 -2.000000	 10.000000	 -6.500000	 0	 0.679420	 0.001590	 0
2	 6	 0	 0.003330	 0	 758.986000	 0.094460	 0.000000	 0.400000	 -2.000000	 10.000000	 -6.500000	 0	 0.679420	 0.001590	 0
3	 6	 0	 0.003330	 0	 758.986000	 0.094460	 0.000000	 0.400000	 -2.000000	 10.000000	 -6.500000	 0	 0.679420	 0.001590	 0
4	 6	 0	 0.003330	 0	 758.986000	 0.094460	 0.000000	 0.400000	 -2.000000	 10.000000	 -6.500000	 0	 0.679420	 0.001590	 0
5	 6	 0	 0.003330	 0	 758.986000	 0.094460	 0.000000	 0.400000	 -2.000000	 10.000000	 -6.500000	 0	 0.679420	 0.001590	 0
6	 6	 0	 0.003330	 0	 758.986000	 0.094460	 0.000000	 0.400000	 -2.000000	 10.000000	 -6.500000	 0	 0.679420	 0.001590	 0
