#& sector superlayer component v0 deltanm tmax distbeta delta_bfield_coefficient b1 b2 b3 b4 delta_T0 c1 c2 c3
1	 1	 0	 0.003385	 0	 165.538010	 0.061709	 0.000000	 0.400000	 -2.000000	 10.000000	 -6.500000	 0	 0.688670	 0.003944	 0
2	 1	 0	 0.003385	 0	 165.538010	 0.061709	 0.000000	 0.400000	 -2.000000	 10.000000	 -6.500000	 0	 0.688670	 0.003944	 0
3	 1	 0	 0.003385	 0	 165.538010	 0.061709	 0.000000	 0.400000	 -2.000000	 10.000000	 -6.500000	 0	 0.688670	 0.003944	 0
4	 1	 0	 0.003385	 0	 165.538010	 0.061709	 0.000000	 0.400000	 -2.000000	 10.000000	 -6.500000	 0	 0.688670	 0.003944	 0
5	 1	 0	 0.003385	 0	 165.538010	 0.061709	 0.000000	 0.400000	 -2.000000	 10.000000	 -6.500000	 0	 0.688670	 0.003944	 0
6	 1	 0	 0.003385	 0	 165.538010	 0.061709	 0.000000	 0.400000	 -2.000000	 10.000000	 -6.500000	 0	 0.688670	 0.003944	 0
1	 2	 0	 0.003274	 0	 176.069659	 0.064018	 0.000000	 0.400000	 -2.000000	 10.000000	 -6.500000	 0	 0.688740	 0.003823	 0
2	 2	 0	 0.003274	 0	 176.069659	 0.064018	 0.000000	 0.400000	 -2.000000	 10.000000	 -6.500000	 0	 0.688740	 0.003823	 0
3	 2	 0	 0.003274	 0	 176.069659	 0.064018	 0.000000	 0.400000	 -2.000000	 10.000000	 -6.500000	 0	 0.688740	 0.003823	 0
4	 2	 0	 0.003274	 0	 176.069659	 0.064018	 0.000000	 0.400000	 -2.000000	 10.000000	 -6.500000	 0	 0.688740	 0.003823	 0
5	 2	 0	 0.003274	 0	 176.069659	 0.064018	 0.000000	 0.400000	 -2.000000	 10.000000	 -6.500000	 0	 0.688740	 0.003823	 0
6	 2	 0	 0.003274	 0	 176.069659	 0.064018	 0.000000	 0.400000	 -2.000000	 10.000000	 -6.500000	 0	 0.688740	 0.003823	 0
1	 3	 0	 0.003965	 0	 325.576665	 0.073926	 0.211400	 0.400000	 -2.000000	 10.000000	 -6.500000	 0	 0.627380	 0.002614	 0
2	 3	 0	 0.003965	 0	 325.576665	 0.073926	 0.211400	 0.400000	 -2.000000	 10.000000	 -6.500000	 0	 0.627380	 0.002614	 0
3	 3	 0	 0.003965	 0	 325.576665	 0.073926	 0.211400	 0.400000	 -2.000000	 10.000000	 -6.500000	 0	 0.627380	 0.002614	 0
4	 3	 0	 0.003965	 0	 325.576665	 0.073926	 0.211400	 0.400000	 -2.000000	 10.000000	 -6.500000	 0	 0.627380	 0.002614	 0
5	 3	 0	 0.003965	 0	 325.576665	 0.073926	 0.211400	 0.400000	 -2.000000	 10.000000	 -6.500000	 0	 0.627380	 0.002614	 0
6	 3	 0	 0.003965	 0	 325.576665	 0.073926	 0.211400	 0.400000	 -2.000000	 10.000000	 -6.500000	 0	 0.627380	 0.002614	 0
1	 4	 0	 0.003853	 0	 335.406493	 0.078470	 0.245500	 0.400000	 -2.000000	 10.000000	 -6.500000	 0	 0.605440	 0.002481	 0
2	 4	 0	 0.003853	 0	 335.406493	 0.078470	 0.245500	 0.400000	 -2.000000	 10.000000	 -6.500000	 0	 0.605440	 0.002481	 0
3	 4	 0	 0.003853	 0	 335.406493	 0.078470	 0.245500	 0.400000	 -2.000000	 10.000000	 -6.500000	 0	 0.605440	 0.002481	 0
4	 4	 0	 0.003853	 0	 335.406493	 0.078470	 0.245500	 0.400000	 -2.000000	 10.000000	 -6.500000	 0	 0.605440	 0.002481	 0
5	 4	 0	 0.003853	 0	 335.406493	 0.078470	 0.245500	 0.400000	 -2.000000	 10.000000	 -6.500000	 0	 0.605440	 0.002481	 0
6	 4	 0	 0.003853	 0	 335.406493	 0.078470	 0.245500	 0.400000	 -2.000000	 10.000000	 -6.500000	 0	 0.605440	 0.002481	 0
1	 5	 0	 0.003361	 0	 700.593961	 0.072392	 0.000000	 0.400000	 -2.000000	 10.000000	 -6.500000	 0	 0.682900	 0.001673	 0
2	 5	 0	 0.003361	 0	 700.593961	 0.072392	 0.000000	 0.400000	 -2.000000	 10.000000	 -6.500000	 0	 0.682900	 0.001673	 0
3	 5	 0	 0.003361	 0	 700.593961	 0.072392	 0.000000	 0.400000	 -2.000000	 10.000000	 -6.500000	 0	 0.682900	 0.001673	 0
4	 5	 0	 0.003361	 0	 700.593961	 0.072392	 0.000000	 0.400000	 -2.000000	 10.000000	 -6.500000	 0	 0.682900	 0.001673	 0
5	 5	 0	 0.003361	 0	 700.593961	 0.072392	 0.000000	 0.400000	 -2.000000	 10.000000	 -6.500000	 0	 0.682900	 0.001673	 0
6	 5	 0	 0.003361	 0	 700.593961	 0.072392	 0.000000	 0.400000	 -2.000000	 10.000000	 -6.500000	 0	 0.682900	 0.001673	 0
1	 6	 0	 0.003354	 0	 767.273755	 0.075397	 0.000000	 0.400000	 -2.000000	 10.000000	 -6.500000	 0	 0.679420	 0.001568	 0
2	 6	 0	 0.003354	 0	 767.273755	 0.075397	 0.000000	 0.400000	 -2.000000	 10.000000	 -6.500000	 0	 0.679420	 0.001568	 0
3	 6	 0	 0.003354	 0	 767.273755	 0.075397	 0.000000	 0.400000	 -2.000000	 10.000000	 -6.500000	 0	 0.679420	 0.001568	 0
4	 6	 0	 0.003354	 0	 767.273755	 0.075397	 0.000000	 0.400000	 -2.000000	 10.000000	 -6.500000	 0	 0.679420	 0.001568	 0
5	 6	 0	 0.003354	 0	 767.273755	 0.075397	 0.000000	 0.400000	 -2.000000	 10.000000	 -6.500000	 0	 0.679420	 0.001568	 0
6	 6	 0	 0.003354	 0	 767.273755	 0.075397	 0.000000	 0.400000	 -2.000000	 10.000000	 -6.500000	 0	 0.679420	 0.001568	 0
