#& sector superlayer component v0 deltanm tmax distbeta delta_bfield_coefficient b1 b2 b3 b4 delta_T0 c1 c2 c3
1	 1	 0	 0.003694	 0	 163.842512	 0.062692	 0.000000	 0.400000	 -2.000000	 10.000000	 -6.500000	 0	 0.688670	 0.004107	 0
2	 1	 0	 0.003694	 0	 163.842512	 0.062692	 0.000000	 0.400000	 -2.000000	 10.000000	 -6.500000	 0	 0.688670	 0.004107	 0
3	 1	 0	 0.003694	 0	 163.842512	 0.062692	 0.000000	 0.400000	 -2.000000	 10.000000	 -6.500000	 0	 0.688670	 0.004107	 0
4	 1	 0	 0.003694	 0	 163.842512	 0.062692	 0.000000	 0.400000	 -2.000000	 10.000000	 -6.500000	 0	 0.688670	 0.004107	 0
5	 1	 0	 0.003694	 0	 163.842512	 0.062692	 0.000000	 0.400000	 -2.000000	 10.000000	 -6.500000	 0	 0.688670	 0.004107	 0
6	 1	 0	 0.003694	 0	 163.842512	 0.062692	 0.000000	 0.400000	 -2.000000	 10.000000	 -6.500000	 0	 0.688670	 0.004107	 0
1	 2	 0	 0.003681	 0	 173.590765	 0.063247	 0.000000	 0.400000	 -2.000000	 10.000000	 -6.500000	 0	 0.688740	 0.004084	 0
2	 2	 0	 0.003681	 0	 173.590765	 0.063247	 0.000000	 0.400000	 -2.000000	 10.000000	 -6.500000	 0	 0.688740	 0.004084	 0
3	 2	 0	 0.003681	 0	 173.590765	 0.063247	 0.000000	 0.400000	 -2.000000	 10.000000	 -6.500000	 0	 0.688740	 0.004084	 0
4	 2	 0	 0.003681	 0	 173.590765	 0.063247	 0.000000	 0.400000	 -2.000000	 10.000000	 -6.500000	 0	 0.688740	 0.004084	 0
5	 2	 0	 0.003681	 0	 173.590765	 0.063247	 0.000000	 0.400000	 -2.000000	 10.000000	 -6.500000	 0	 0.688740	 0.004084	 0
6	 2	 0	 0.003681	 0	 173.590765	 0.063247	 0.000000	 0.400000	 -2.000000	 10.000000	 -6.500000	 0	 0.688740	 0.004084	 0
1	 3	 0	 0.004772	 0	 350.279442	 0.076567	 0.211400	 0.400000	 -2.000000	 10.000000	 -6.500000	 0	 0.627380	 0.002414	 0
2	 3	 0	 0.004772	 0	 350.279442	 0.076567	 0.211400	 0.400000	 -2.000000	 10.000000	 -6.500000	 0	 0.627380	 0.002414	 0
3	 3	 0	 0.004772	 0	 350.279442	 0.076567	 0.211400	 0.400000	 -2.000000	 10.000000	 -6.500000	 0	 0.627380	 0.002414	 0
4	 3	 0	 0.004772	 0	 350.279442	 0.076567	 0.211400	 0.400000	 -2.000000	 10.000000	 -6.500000	 0	 0.627380	 0.002414	 0
5	 3	 0	 0.004772	 0	 350.279442	 0.076567	 0.211400	 0.400000	 -2.000000	 10.000000	 -6.500000	 0	 0.627380	 0.002414	 0
6	 3	 0	 0.004772	 0	 350.279442	 0.076567	 0.211400	 0.400000	 -2.000000	 10.000000	 -6.500000	 0	 0.627380	 0.002414	 0
1	 4	 0	 0.004975	 0	 364.055777	 0.082821	 0.245500	 0.400000	 -2.000000	 10.000000	 -6.500000	 0	 0.605440	 0.002620	 0
2	 4	 0	 0.004975	 0	 364.055777	 0.082821	 0.245500	 0.400000	 -2.000000	 10.000000	 -6.500000	 0	 0.605440	 0.002620	 0
3	 4	 0	 0.004975	 0	 364.055777	 0.082821	 0.245500	 0.400000	 -2.000000	 10.000000	 -6.500000	 0	 0.605440	 0.002620	 0
4	 4	 0	 0.004975	 0	 364.055777	 0.082821	 0.245500	 0.400000	 -2.000000	 10.000000	 -6.500000	 0	 0.605440	 0.002620	 0
5	 4	 0	 0.004975	 0	 364.055777	 0.082821	 0.245500	 0.400000	 -2.000000	 10.000000	 -6.500000	 0	 0.605440	 0.002620	 0
6	 4	 0	 0.004975	 0	 364.055777	 0.082821	 0.245500	 0.400000	 -2.000000	 10.000000	 -6.500000	 0	 0.605440	 0.002620	 0
1	 5	 0	 0.003504	 0	 719.222987	 0.077752	 0.000000	 0.400000	 -2.000000	 10.000000	 -6.500000	 0	 0.682900	 0.001630	 0
2	 5	 0	 0.003504	 0	 719.222987	 0.077752	 0.000000	 0.400000	 -2.000000	 10.000000	 -6.500000	 0	 0.682900	 0.001630	 0
3	 5	 0	 0.003504	 0	 719.222987	 0.077752	 0.000000	 0.400000	 -2.000000	 10.000000	 -6.500000	 0	 0.682900	 0.001630	 0
4	 5	 0	 0.003504	 0	 719.222987	 0.077752	 0.000000	 0.400000	 -2.000000	 10.000000	 -6.500000	 0	 0.682900	 0.001630	 0
5	 5	 0	 0.003504	 0	 719.222987	 0.077752	 0.000000	 0.400000	 -2.000000	 10.000000	 -6.500000	 0	 0.682900	 0.001630	 0
6	 5	 0	 0.003504	 0	 719.222987	 0.077752	 0.000000	 0.400000	 -2.000000	 10.000000	 -6.500000	 0	 0.682900	 0.001630	 0
1	 6	 0	 0.003500	 0	 784.155249	 0.078198	 0.000000	 0.400000	 -2.000000	 10.000000	 -6.500000	 0	 0.679420	 0.001533	 0
2	 6	 0	 0.003500	 0	 784.155249	 0.078198	 0.000000	 0.400000	 -2.000000	 10.000000	 -6.500000	 0	 0.679420	 0.001533	 0
3	 6	 0	 0.003500	 0	 784.155249	 0.078198	 0.000000	 0.400000	 -2.000000	 10.000000	 -6.500000	 0	 0.679420	 0.001533	 0
4	 6	 0	 0.003500	 0	 784.155249	 0.078198	 0.000000	 0.400000	 -2.000000	 10.000000	 -6.500000	 0	 0.679420	 0.001533	 0
5	 6	 0	 0.003500	 0	 784.155249	 0.078198	 0.000000	 0.400000	 -2.000000	 10.000000	 -6.500000	 0	 0.679420	 0.001533	 0
6	 6	 0	 0.003500	 0	 784.155249	 0.078198	 0.000000	 0.400000	 -2.000000	 10.000000	 -6.500000	 0	 0.679420	 0.001533	 0
